GABARITO - BASE mochila_10x25_cap300
Configuração: 10 conjuntos x 25 itens
Capacidade Máxima de cada dimensão: 300
--------------------------------------------------
Conjunto   | Item ID  | P    A    L    C    Custo  | Lucro 
1          | 12       | 27   27   25   33   33     | 290   
2          | 8        | 27   29   30   29   24     | 278   
3          | 11       | 25   26   30   28   30     | 278   
4          | 4        | 33   32   32   30   28     | 310   
5          | 14       | 25   25   32   27   32     | 282   
6          | 6        | 28   27   31   28   33     | 294   
7          | 1        | 25   29   28   26   29     | 274   
8          | 2        | 29   27   25   31   24     | 272   
9          | 20       | 27   24   26   32   28     | 274   
10         | 12       | 27   25   32   32   28     | 288   
--------------------------------------------------
SOMA TOTAL ATRIBUTOS: P=273, A=271, L=291, C=296, Custo=289
LUCRO TOTAL ÓTIMO: 2840
