GABARITO - BASE mochila_20x50_cap500
Configuração: 20 conjuntos x 50 itens
Capacidade Máxima de cada dimensão: 500
--------------------------------------------------
Conjunto   | Item ID  | P    A    L    C    Custo  | Lucro 
1          | 2        | 27   22   24   25   25     | 246   
2          | 16       | 27   26   26   26   24     | 258   
3          | 5        | 27   25   20   21   26     | 238   
4          | 29       | 22   20   27   22   20     | 222   
5          | 49       | 21   26   23   22   25     | 234   
6          | 39       | 27   24   21   21   20     | 226   
7          | 9        | 26   27   25   26   20     | 248   
8          | 23       | 21   27   21   24   21     | 228   
9          | 19       | 22   25   24   21   22     | 228   
10         | 46       | 21   24   24   20   24     | 226   
11         | 24       | 20   20   20   27   26     | 226   
12         | 26       | 22   25   25   22   22     | 232   
13         | 20       | 26   27   20   25   21     | 238   
14         | 12       | 23   25   20   27   23     | 236   
15         | 2        | 23   25   22   25   21     | 232   
16         | 16       | 22   26   23   23   26     | 240   
17         | 38       | 24   27   20   21   25     | 234   
18         | 17       | 26   20   27   27   22     | 244   
19         | 49       | 24   21   21   25   24     | 230   
20         | 6        | 20   25   22   22   24     | 226   
--------------------------------------------------
SOMA TOTAL ATRIBUTOS: P=471, A=487, L=455, C=472, Custo=461
LUCRO TOTAL ÓTIMO: 4692
